cdb100_600 = [8.42558237240790,8.23991531310563,8.05682437133114,7.87623456507140,7.69807318296254,7.52226977063493,7.34875611007895,7.17746619280580,7.00833618753990,6.84130440313853,6.67631124739244,6.51329918231785,6.35221267650739,6.19299815506425,6.03560394760198,5.87998023475101,5.72607899357350,5.57385394224992,5.42326048436460,5.27425565308301,5.12679805548140,4.98084781725885,4.83636652803367,4.69331718739985,4.55166415189491,4.41137308300841,4.27241089633963,4.13474571199468,3.99834680629601,3.86318456486227,3.72923043710251,3.59645689215650,3.46483737630178,3.33434627183825,3.20495885745286,3.07665127005869,2.94940046809679,2.82318419628302,2.69798095177723,2.57376995174831,2.45053110230454,2.32824496875636,2.20689274717598,2.08645623721633,1.96691781615079,1.84826041409366,1.73046749036078,1.61352301092946,1.49741142695662,1.38211765431385,1.26762705409905,1.15392541408406,1.04099893105887,0.928834194033400,0.817418168258692,0.706738180030650,0.596781902239882,0.487537340632863,0.378992820750300,0.271136975509754,0.163958733401194,0.0574473072645271,-0.0484078163799643,-0.153616887476442,-0.258189902080881,-0.362136611536582,-0.465466531202668,-0.568188948759342,-0.670312932112244,-0.771847336917636,-0.872800813748723,-0.973181814922643,-1.07299860100680,-1.17225924702183,-1.27097164835819,-1.36914352642201,-1.46678243402521,-1.56389576053423,-1.66049073679054,-1.75657443981593,-1.85215379731434,-1.94723559198157,-2.04182646563380,-2.13593292316466,-2.22956133634057,-2.32271794744338,-2.41540887276840,-2.50764010598618,-2.59941752137518,-2.69074687693253,-2.78163381736945,-2.87208387699746,-2.96210248251139,-3.05169495567441,-3.14086651591038,-3.22962228280850,-3.31796727854434,-3.40590643022192,-3.49344457214072,-3.58058644799116,-3.66733671298229,-3.75369993590487,-3.83968060113294,-3.92528311056673,-4.01051178551962,-4.09537086855180,-4.17986452525286,-4.26399684597556,-4.34777184752294,-4.43119347479077,-4.51426560236695,-4.59699203608983,-4.67937651456709,-4.76142271065632,-4.84313423290928,-4.92451462698074,-5.00556737700336,-5.08629590692978,-5.16670358184305,-5.24679370923639,-5.32656954026327,-5.40603427095886,-5.48519104343373,-5.56404294704031,-5.64259301951346,-5.72084424808543,-5.79879957057617,-5.87646187645945,-5.95383400790584,-6.03091876080256,-6.10771888575133,-6.18423708904455,-6.26047603362021,-6.33643833999623,-6.41212658718473,-6.48754331358655,-6.56269101786644,-6.63757215980961,-6.71218916115986,-6.78654440643952,-6.86064024375196,-6.93447898556690,-7.00806290948858,-7.08139425900762,-7.15447524423664,-7.22730804262985,-7.29989479968730,-7.37223762964367,-7.44433861614231,-7.51619981289440,-7.58782324432395,-7.65921090619860,-7.73036476624655,-7.80128676476006,-7.87197881518564,-7.94244280470106,-8.01268059477975,-8.08269402174259,-8.15248489729743,-8.22205500906647,-8.29140612110187,-8.36053997438987,-8.42945828734329,-8.49816275628308,-8.56665505590889,-8.63493683975882,-8.70300974065878,-8.77087537116154,-8.83853532397553,-8.90599117238388,-8.97324447065375,-9.04029675443606,-9.10714954115599,-9.17380433039420,-9.24026260425943,-9.30652582775183,-9.37259544911817,-9.43847290019842,-9.50415959676405,-9.56965693884843,-9.63496631106921,-9.70008908294296,-9.76502660919234,-9.82978023004577,-9.89435127152989,-9.95874104575490,-10.0229508511930,-10.0869819729501,-10.1508356830305,-10.2145132405958,-10.2780158922167,-10.3413448721189,-10.4045014024234,-10.4674866933796,-10.5303019435941,-10.5929483402529,-10.6554270593379,-10.7177392658390,-10.7798861139596,-10.8418687473179,-10.9036882991430,-10.9653458924653,-11.0268426403033,-11.0881796458444,-11.1493580026223,-11.2103787946892,-11.2712430967834,-11.3319519744938,-11.3925064844183,-11.4529076743204,-11.5131565832799,-11.5732542418408,-11.6332016721551,-11.6929998881226,-11.7526498955281,-11.8121526921737,-11.8715092680088,-11.9307206052562,-11.9897876785352,-12.0487114549813,-12.1074928943630,-12.1661329491955,-12.2246325648516,-12.2829926796693,-12.3412142250573,-12.3992981255974,-12.4572452991437,-12.5150566569208,-12.5727331036175,-12.6302755374796,-12.6876848503998,-12.7449619280048,-12.8021076497410,-12.8591228889576,-12.9160085129872,-12.9727653832251,-13.0293943552058,-13.0858962786781,-13.1422719976782,-13.1985223506004,-13.2546481702666,-13.3106502839941,-13.3665295136609,-13.4222866757702,-13.4779225815128,-13.5334380368282,-13.5888338424638,-13.6441107940328,-13.6992696820708,-13.7543112920910,-13.8092364046376,-13.8640457953383,-13.9187402349553,-13.9733204894354,-14.0277873199580,-14.0821414829832];
